200.3,171.9,187.1,1
199.5,171.5,177.4,0
201.3,172.3,175.9,0
201.8,171.3,177.5,0
191.8,170.7,187.6,1
192.2,170.6,184.3,1
194.2,170.3,166.7,0
192.5,170.3,166.9,0
192.2,162.6,180.8,1
191.7,165,175.2,0
190.9,165,180.5,1
191.7,163.1,175.2,1
190.8,162.8,170.2,0
190.8,164.2,164.3,0
192.6,162.8,162.4,0
192,149.8,185,1
192.9,149.3,177.5,1
191.2,150.2,174.1,1
192.4,149.8,171.1,0
192.4,149,160,0
193,150.2,160.1,0
189.6,174,176.7,0
189.7,174.5,195,1
188.8,173,190.2,1
190.2,173.8,187.1,1
188.4,174.5,187.8,1
188,173.9,180.8,0
188.7,172.9,163.4,0
188.2,170.4,179.2,0
188.4,171,174.5,0
188.8,170.2,168.7,0
190.3,169.4,169.9,0
188.3,168.5,168.8,0
188.8,157.7,188.4,1
189.5,159.6,178.5,1
189.3,158.8,175.3,0
188.1,158.7,172.2,0
189.2,159,171.3,0
189.8,158.2,169,0
188.9,159,162.7,0
189.7,159.6,162.1,0
188.3,155.4,165.1,0
185.5,170.5,173.5,1
187.6,171.2,171.1,1
186.6,171.3,182.3,1
186.6,169.5,179.8,1
185.8,170.6,171.5,0
187.7,167.4,184.3,1
185.8,165.1,180.1,1
186.8,167.3,178.7,1
187.4,167.4,178.9,1
187,165.3,177.4,1
186.1,165.7,174.9,0
187.5,166.4,170.2,0
186.8,165.4,164.2,0
187.4,165.5,162.5,0
186.5,165,188.3,1
187.5,164.3,186.5,1
186.9,166,182.5,1
185.9,166.2,161.1,1
186,166.1,169.4,0
186.6,166.2,158.7,0
186.6,162.7,167.7,0
187.8,163.8,163.8,0
186.2,165.1,164.1,0
188.5,161.4,159.4,0
184.8,177.2,188,1
187,176.7,187.2,1
186.4,177,184.9,1
186.9,177.7,179,0
184.8,176.4,177.5,0
186.3,175.7,176,0
185,176.4,173.5,0
186.4,176.1,169.7,0
183.1,174,185.9,1
185,173.9,174.1,0
185.3,174.9,174,0
184.1,171,187.5,1
185.3,172.3,181.4,1
183.3,171.4,172,0
184.1,166.4,190.8,1
183.3,165.5,180.8,1
183.9,165.1,176.6,1
183.3,166.8,168.6,0
184.5,167.1,167.2,0
183.2,167.4,167.2,0
185,167.3,167.6,0
183.3,168.3,168.5,0
183,164.5,168.4,0
185.3,164.9,161.7,0
184.1,160.2,179.3,1
184.2,162.1,179.5,1
184.2,161.5,175.5,1
184.9,160.7,165.8,0
184.8,160.1,162.3,0
184.9,161.8,176.1,1
184.5,160.6,171.7,1
183.1,160.7,160.4,0
183.2,161.6,186.1,1
184.6,160.2,172,1
183.2,160.4,179.2,0
185.4,161.3,178.3,0
184.6,160.2,169.7,0
185,161.5,160.9,0
184.5,161.8,173,0
184.4,163.5,172.3,0
185.4,162.1,169.5,0
184.6,159.7,164.2,0
186.6,158.1,182.8,1
184.5,159,177.9,1
184.4,157.9,178.9,1
186,157.8,168.8,0
184.2,157.9,166.9,0
186.2,158.4,167.6,0
184.8,158.8,189.9,1
183.7,158.7,183.2,1
185,159.5,176.2,1
185.1,158.5,173.2,0
183.2,157.7,161.4,0
183.5,159.9,184.4,1
184.5,159.5,183.4,1
184.2,159.2,182.1,1
183.7,158.6,179.6,1
185.1,158.7,174.2,0
184.5,155.8,169.1,0
182,176.3,200,1
182.4,176.3,189.1,1
180.8,176.9,186.3,1
181,176.8,184.8,1
181.3,176.1,171.8,0
181.3,171.3,187.7,1
181.9,172.7,187.8,1
182.4,172.6,175.8,1
181.9,170.5,171.6,0
182.3,168.9,179,1
180.7,170,170.5,0
180.6,169.7,170.8,0
180.5,168.6,170.3,0
180.8,169.6,179.3,1
182.4,168,177.1,1
180.5,168.9,175.7,1
181.7,168,167.8,0
182.4,168.1,165.1,0
181.3,169.5,160.9,0
181.3,168.1,181.9,1
181.3,168.4,172.7,0
180.7,169.9,193.1,1
180.7,168.1,183.1,1
182.6,169.5,181.9,1
182.4,169.5,168.8,1
181.5,169.8,170.1,0
184,166.8,181.2,1
181.2,168.9,184,1
182.1,167.4,184.4,1
182.8,166.6,181.7,1
181.8,167.4,177,1
181.9,168.7,168.1,0
180.4,166.8,165.2,0
183.9,167.9,185.5,1
183,168.5,167.4,0
181.9,166.2,174,1
183.5,166.1,172.5,1
181.6,167.1,174.5,1
180.8,167.3,173.1,1
182.1,166.8,158.6,0
180.9,162.9,173.9,0
181.1,164,174.9,0
181.8,164.1,172.3,0
182.2,163.8,169.3,0
180.5,162.7,169.9,0
181.5,163.3,169.1,0
182.8,163.6,168.2,0
182.8,163.1,165.2,0
182.3,165.6,185.4,1
184,165.1,182.1,1
183.5,165.6,179.6,1
183.8,165.7,172.5,0
181.1,164.2,173.1,1
182.2,164,173.6,1
181.5,164.5,173.3,1
183.6,164.3,184.1,1
181.9,166.1,181.7,1
182.5,164.4,178.5,1
183.2,165.3,168.6,0
182.1,166.1,164.3,0
183.8,164.7,164.7,0
183.2,164.3,159.6,0
183,161.2,171.9,0
182.4,162.1,164.3,0
182.3,162.5,181.6,1
180.7,163.1,171,1
181.7,163,168,0
180.9,163.5,167,0
180.6,163.1,162.3,0
181.8,161.9,180.9,1
181.6,161.7,179.7,1
180.8,161.6,177.8,1
180.9,161.7,164.2,1
182,160.5,165.9,0
180.6,162.5,165.3,0
181.7,162.2,162.8,0
180.6,160.2,161.1,0
180.7,161.4,161.1,0
181.2,160.1,182.3,1
180.6,162.1,182.5,1
182.4,161.4,180.1,1
182.4,161.7,162.6,0
182.4,159.6,182.7,1
182,159.5,178.7,1
182.9,159.6,165.2,0
180.6,157.5,158.8,0
182.8,159.8,157.7,0
182.3,158.9,183.5,1
182.2,159.7,181.4,1
182.7,157.5,181.5,1
182.1,158.2,166,0
181.2,157.8,152.8,0
180.8,159.9,180.1,1
181.5,160.7,164.4,0
181.9,158.8,164.6,0
182.4,161.1,163.9,0
181.8,158.9,158.9,0
181.3,158.3,179.9,1
181.6,159.4,178.7,1
180.5,160,177,1
180.4,157.8,177.4,1
182.2,158,168.6,1
180.4,158.4,164.8,0
181.8,158.2,165,0
180.9,156.2,158.2,0
182.9,147.9,183.2,1
182,147.8,176.6,1
178.6,176.3,182.3,1
177.9,176.4,178.6,1
180.3,176.3,177.5,1
178.4,176.4,177.4,0
178.7,175.9,178.9,1
179.1,175.3,176.5,1
179.9,177.6,175,0
178.4,177.4,168.3,0
178.8,176,165,0
179.2,176,159.8,0
178.3,174.8,191.5,1
179.4,170.6,178.3,1
178,171.1,175.4,1
179.2,172.1,169,0
179.1,172.2,163.8,0
178.5,170.7,152.8,0
179,172.1,171.9,0
179.8,170.9,187.8,1
179.4,169.6,184,1
178.5,169.1,185,1
177.9,171,171,1
179.4,171,176.2,0
178.8,169.3,171.9,0
179.4,169.1,171.1,0
179.6,169.4,167.7,0
178.5,170,168,0
179.3,169,165,0
179.1,170.7,163,0
181.6,165.8,183.7,1
179.4,166.3,178.7,1
181.4,165.6,177.2,1
180.4,167.4,174.1,1
180.1,167.3,173.7,0
180.4,165.3,165.7,0
179.7,166.7,158.6,0
181.1,166.3,155.8,0
180.5,167.5,155.2,0
179.7,165.5,187.1,1
179.7,167.5,184.8,1
179.2,167,180.7,1
180,166.1,166.1,1
179.7,165.7,165.2,1
180.2,165.6,164.3,0
180.3,165.2,161.8,0
179.3,166.6,159.3,0
179.3,166.2,171.7,1
179.9,165.5,165.4,1
179.6,167.1,164,0
178.9,165.9,160.5,0
180.2,167.1,161.2,0
177.9,166.2,178,1
178.9,167,179.9,1
180.2,165.7,171.2,0
180,167.2,167.2,0
180.2,166.5,167.4,0
178.1,166.8,161,0
179.5,167.2,202.4,1
180.2,167.5,191.8,1
179,166.6,182.8,1
180.1,166.4,177.6,0
179.8,165.8,170.9,0
178.6,165.3,166.9,0
179.4,165.7,159.4,0
179.7,166.1,186.4,1
178.4,166,184.8,1
180.3,167.1,165.2,0
177.9,166.5,177,1
178,167.3,177.2,1
178.9,165.2,184.3,1
178.6,166,179.1,1
179,166,175.4,1
178.2,165.5,169.4,0
179,166,168.3,0
177.8,165,165,0
179.7,165.2,166.3,0
179.4,164.4,180.4,1
179.3,164.1,179.6,1
178,163.9,174.7,1
178.2,163.1,171.3,1
180.3,164.7,170.2,1
180.1,164.6,167.2,1
178.4,163.9,170.4,0
179.7,164.3,179.2,1
177.9,164.1,173.5,1
179.6,163.9,170.3,1
178.2,163.8,167.7,0
177.9,165.3,183.7,1
178.8,165.1,179.5,1
180,165,159.8,0
179.5,163.4,157.6,0
179.5,164.8,154,0
181,163.9,188.8,1
181.2,163.8,176.7,1
179.8,163.8,175.6,1
179.9,162.6,173.4,1
179.1,163.1,174,1
181.2,163.1,174.1,1
179.7,164.5,167.9,0
181,164.5,166.6,0
179.7,165.5,154.2,0
180.2,164.9,175.1,1
179,164.7,165.6,0
179.6,162.7,163.5,0
179.7,162.6,158.5,0
178.6,163.8,181.1,1
178.7,164.5,180.3,1
179.4,162.8,179.2,1
178.2,163.8,179.2,1
179.9,163.7,176.9,1
179.5,163.3,175.1,1
179.4,163.3,177.2,0
180,164.1,165.2,0
180.1,163.1,163.4,0
179.6,162,178.6,1
179,163,170.7,1
180,162.9,168.1,1
180,162.7,163.7,0
178.1,162,161,0
178,162.8,161,0
178.1,163.3,159.4,0
178.8,163.4,156.7,0
179.3,162.4,184.9,1
181.2,161.1,175.5,1
181.4,161.9,172,1
180.1,161.1,163.9,0
180.6,161.6,164.8,0
179.1,162.2,182.2,1
178.2,162.5,172,1
179.4,162.1,173.7,0
178,161.8,162.7,0
178.2,160.9,173.4,1
178.5,161.2,171.2,1
179.2,161.7,161.8,0
179.2,162.2,159,0
178.5,161.1,177.8,1
178.7,160.4,169.6,1
180,162.3,159.3,0
178.6,162.3,155.6,0
180.4,158.6,184.2,1
179.3,159.7,178.7,1
179.4,159.5,177.3,1
180.4,157.6,178.1,1
180.9,159.2,174.9,1
179.1,158.3,165.8,0
180.5,157.7,164.3,0
179.2,157.6,162.3,0
180.9,160.4,182,1
180.2,160.7,178,1
180.2,160.8,176.8,1
178.9,160.8,165.7,1
178.8,161,163.8,0
179.9,159.6,162.9,0
179.6,159.3,160.7,0
179.4,157.9,184.2,1
181.3,159.6,183.2,1
180.2,159.5,152.8,0
178.4,155.1,181,1
177.9,155.4,170.7,1
179.9,154.8,172.1,1
178.4,154.7,164.1,1
178.5,154.6,166.6,0
178.5,154.7,160.7,0
178.7,154.6,166.9,0
178.4,154.6,165.7,0
178.8,149.7,182.6,1
180,150.6,164.6,1
178.9,149.5,161.2,0
179.4,147.6,184.4,1
180.1,147.8,169.8,1
180.3,149.7,169,0
179.6,148.7,167.3,0
179.8,149.7,162.2,0
175.8,174.8,192,1
176.6,174.6,182.9,1
176.5,176.5,178.4,1
175.4,175.3,167.6,0
175.7,175.5,169.9,0
175.6,175.1,167.9,0
177.3,176.4,167.6,0
176.4,175.2,167.4,0
177.6,176,162.6,0
177.8,175.9,163.2,0
176.4,172.5,163.5,0
176.3,169.8,185.5,1
176.5,168.5,183.5,1
175.6,169.1,182.2,1
176.1,169.5,182.5,1
177.2,167.7,166.7,0
177.8,170,167.6,0
177.7,168,161.4,0
176.6,167.8,160.9,0
176,167.7,182.4,1
176.5,168.6,181.2,1
175.3,170,178.5,1
177.3,171.1,192.2,1
177.7,170,189.1,1
176.1,169.5,184.9,1
177.2,170.6,175.1,1
176.8,171.2,172.1,1
176.1,171,168,1
175.9,167.8,180.2,1
177.6,168.6,175.4,1
175.4,169.2,174.7,1
177.8,169.8,165.9,0
175.7,167.7,160.4,0
175.8,169.3,160.9,0
175.8,170.4,187.6,1
175.7,169.1,181.7,1
177.7,169.4,179.1,1
176.1,171.2,179.4,1
176.9,170.5,155.4,0
177,169.3,180.9,1
177.5,170.6,173.6,1
176.7,171.1,165.7,0
178.7,169.8,162.8,0
177.3,169.1,182.6,1
176.1,171.2,175.9,0
177.2,170.8,173.1,0
176,169.1,169.6,0
176.1,169.2,160.4,0
177.5,170.8,160.6,0
177.7,167.7,181,1
178.2,168.6,181.6,1
178.1,169.2,179.8,1
177.2,168.7,179.1,1
176.7,168.1,170.1,0
177.5,168.4,168.6,0
178.1,169.4,165.8,0
177.3,169.2,185.5,1
176.7,168,183.5,1
176.9,169.6,176.9,1
175.8,168.6,176.9,1
176.8,168.9,171.2,0
176.3,168.7,168.2,0
177.1,169.7,166.9,0
176.2,168.2,165.4,0
177,168,163.7,0
177.4,166.9,178.5,1
176.9,165.7,174.8,1
176,166.1,170.5,1
176.7,165.4,167.1,0
176.8,165.4,164.4,0
177.4,166.7,162.7,0
177.2,167.1,156.4,0
177.1,165.3,177.5,1
177.4,165.8,175,1
179,165.9,154,1
177.6,165.5,167.8,0
177.1,164.1,164.1,0
177.6,164.6,163.5,0
178.4,165.2,154.3,0
176.1,163.5,184.6,1
177.1,163.1,169.2,1
176.7,164.6,165.9,0
177.6,165,163.2,0
177.2,162.4,176.8,1
176.2,160.9,173.6,0
177,160.1,162.7,0
177.1,161,185.3,1
175.3,161.8,185.7,1
177,161.8,179.2,1
176.6,162,179.4,1
177.5,161.8,163.4,1
176,162.5,168.2,0
177,161.9,159.7,0
176,161.7,179.2,1
176.2,162.7,170.2,1
177,162.1,168.6,1
176.5,162.4,166,0
177.1,161.8,162.1,0
175.3,162.4,159.7,0
175.8,161.8,157.4,0
175.5,162.5,181.3,1
175.6,163.2,163.2,0
176.3,162.1,161.4,0
177.2,159,160.6,0
176.6,158.7,185.9,1
179.1,157.7,185.1,1
176.5,159.4,177.8,1
177.5,159.2,187.6,1
176.4,158.1,182.7,1
176.8,157.7,182.4,1
177.5,159.3,177.4,1
176.6,159.1,161.4,0
176.1,160.1,181.1,1
176.7,160.7,178.3,1
177.6,160.9,179.9,1
175.8,160.6,176.9,1
176.3,159.1,162,0
176.5,161,159.5,0
175.7,159.5,159.7,0
177.2,159.8,158.8,0
177,157.6,182.9,1
175.8,157.6,173.3,1
175.3,159.3,170,0
175.7,157.6,168.3,0
176.6,155.2,179.3,1
178,155.7,178.2,1
178.7,156.6,175.7,1
178.4,155.3,161.2,0
176.5,156.7,157.9,0
175.6,156.5,173.1,1
176.1,156.5,174.7,1
175.3,155.3,173.9,1
177.5,155.3,163.3,1
176.1,157.1,161.9,1
175.3,155.4,160.7,1
176.7,155.6,163.6,0
177,157.4,158.2,0
175.3,156.9,157.6,0
177.6,154.7,180,1
175.5,154.1,172.8,0
175.9,153.6,158.9,0
177.2,154.7,177.1,1
176.8,152.8,168.4,1
177.2,154,157.3,0
177.6,154.9,155.9,0
175.8,154.4,176.5,1
175.2,179.7,181.6,1
174.7,181.2,157.2,0
174.2,170.4,185.6,1
175.3,171,182.8,1
175.3,172.7,171.1,0
176.3,169.7,177.9,1
174.6,171.4,177.5,1
175.4,170.8,177.3,1
175.1,170.4,175.7,1
176.1,169.4,175.3,1
175.3,170.5,175.4,1
174.9,169.3,173.3,1
175,171,174.5,1
174.3,171.1,173.4,1
176.2,170.8,161.2,0
174.8,166.8,172.3,1
172.9,165.3,168.9,1
173.9,167.4,168,1
174.6,167.6,164.3,0
174,166.5,183.2,1
173.1,168,181.7,1
174.5,167.5,181.7,1
173.2,168.7,167,1
173.5,166.6,169.5,0
173.5,167,165.9,0
174.9,168.1,156.9,0
174.7,165.5,184.7,1
174.9,167.2,183.5,1
174.1,166.1,173.9,0
175.1,166,169.3,0
175.6,166.1,176.6,1
175.3,166.9,175.3,1
175.1,166.2,167.8,1
175,167.2,169.8,1
175.3,165.2,159.3,0
174.5,166,157.9,0
176.2,165.8,156.2,0
175.6,167.4,152.6,0
173.3,164.2,180.8,1
172.9,163,173.4,1
174.4,162.8,174.5,1
174.5,163.9,171.6,1
173.1,165,165.5,0
174,164.8,165,0
173,162.9,160.5,0
175.1,165.1,161.4,0
173,163.6,158.6,0
174.3,163.9,156.1,0
174.3,164.3,168.8,1
172.8,163.5,160.8,1
174,164,167,0
173.2,162.6,159.6,0
173.7,162.6,181.9,1
174.9,164.4,182.6,1
175.1,164.1,175.8,1
173.2,163.3,176,1
173.9,164.7,158.9,0
173,164.7,158.3,0
174.8,164.5,177.7,1
173.5,162.6,171.7,1
172.9,162.7,167.7,1
174.6,162.9,168.3,0
173.4,163.7,168.6,0
173.5,163.7,166,0
173.7,165.1,165.7,0
173.1,164.1,167.4,0
175,164.8,163.6,0
175.2,162.9,161.7,0
174.7,162,179.4,1
173.7,162.3,179.9,1
173,162.1,174.6,1
174.9,161.8,168.8,1
174.1,161.7,169.1,1
174.6,161.7,169.7,0
174.1,160.7,158.5,0
175.1,161.2,156.7,0
175.7,163.6,188.4,1
174.6,161.5,179.2,1
175.4,163.5,177.3,1
176.2,163.4,167.5,0
173.6,161.7,172.2,1
174.9,161.5,178.4,1
174.5,161.3,174.4,1
173.3,162.4,164.2,0
175,160.8,163.1,0
174.7,161.6,182.8,1
173.3,160.1,173.9,1
173.7,161.1,167.7,1
175.2,161.3,167.1,1
173.4,162,167.5,1
174.9,160.9,162.3,0
174.5,160.2,159.3,0
175.1,162.4,158.6,0
174.1,161.8,171.2,1
173.8,160.9,171.9,1
173.9,161.6,168.7,1
172.8,160.3,163.6,0
173.2,160.3,163.8,0
172.9,160.5,155.9,0
175.9,163.5,173.6,1
175,160.3,178.5,1
175.4,162.9,178,1
175.4,163.4,175.6,1
175.1,163.7,170.5,1
174.2,162.6,167.2,1
173.4,162.9,165.3,0
175.2,160.4,174.1,1
176.8,159.8,174.1,1
174.7,159.1,157.6,0
172.9,158.8,170.6,1
173.1,157.2,175.3,1
173.8,157.1,172.9,1
174.9,156.2,165.1,1
173.9,155,162,0
173.5,156.9,161.8,0
174.5,154.9,169.5,1
174.7,154.4,162.8,1
173.4,154.7,157.3,0
173.2,153.5,155.9,0
173.7,154.8,152.7,0
173.4,153.9,153.9,0
175.1,153.6,153,0
172.8,154.1,144.3,0
173,154.5,173.3,1
175.1,153,172.3,1
172.9,152.6,169,1
172.8,152.7,152.9,0
174.1,151.4,177.1,1
174.7,151.4,172.8,1
173.6,151.1,167.1,1
172.9,151.5,165.9,1
172.9,150.9,164.7,1
175,150.2,163.9,1
174.9,151.1,162.2,1
173,151.9,166,0
173.9,151.8,166.4,0
173.6,150.7,157.8,0
172.9,151.5,156.9,0
171.7,169.8,186,1
172.5,169.2,186.3,1
172.6,169.6,183,1
172.3,169.7,168.6,0
171.9,170,163.2,0
171.6,170.5,180.7,1
170.9,166.9,177.8,1
171.2,166.6,173.4,1
172.5,167.2,166.6,0
170.2,167.3,165.9,0
171.9,167.3,165.3,0
172.4,165.5,163.7,0
171.4,166.7,180,1
170.2,168.4,175.5,1
170.3,166.8,167.4,0
170.7,168,168.5,0
171.8,166.7,161.3,0
172.5,168.8,179,1
172.5,168.2,174,1
171.9,168.7,161.3,0
172.3,167.4,154.3,0
171.8,167.5,166.1,1
171.3,167.3,157.6,0
171.6,167.6,158.2,0
171.8,166.2,181.9,1
171.5,166.1,177.6,1
173.3,165.9,163.6,0
171.7,165.2,163.3,0
172.6,165.5,162.3,0
172.2,165.9,160.2,0
171.7,166.1,162,0
172.2,165.8,161.1,0
171.7,167.2,160.5,0
173.2,167.2,161.2,0
173.9,166,157.8,0
170.6,164.7,182.2,1
171.5,164.5,178.9,1
171.4,162.9,172.4,1
170.9,163.7,172.4,1
171.2,161.5,180.8,1
172.6,161.7,179.5,1
171.7,162,177.4,1
171,161.9,175.4,1
170.6,161.5,173.9,1
171,162.8,171,1
172.7,163.3,167.8,1
171.5,162.4,161.8,0
172,161.6,176.3,1
170.7,160.4,174.7,1
172.3,161.8,161.9,0
173.1,158.6,178.2,1
171.7,159.4,179,1
172.7,158.9,176.5,1
172,158.3,174,1
172.3,158.2,168.5,0
172.1,155.1,171.5,1
169,171.1,179.6,1
169.4,171.7,181.2,1
167.7,172.6,171,1
169.6,172.2,169.2,1
169.5,170.3,169.1,1
170.2,172.5,158.9,0
169.7,172.1,158,0
169.3,171.4,157.4,0
168.2,170.9,183.1,1
168.3,170.4,165.2,1
169.6,172.2,166.2,1
168.7,172.5,170.5,0
168.6,172.4,164.2,0
168,172.1,162.6,0
167.8,172.7,158.4,0
168.8,171.2,154.2,0
167.8,171.9,152.4,0
167.8,169,168.2,1
168,168.3,165.5,1
169.6,167.9,172.4,0
169.4,169.1,169.3,0
168,170.1,167,0
170.1,168.9,183.7,1
168.3,167.8,173.8,1
168.3,169.6,169.8,0
170,169.5,165.4,0
168.9,169.1,158.2,0
169.5,168.6,155.3,0
168.9,166.6,176.3,1
170.6,167.3,175.6,1
170.6,165.1,168.9,1
169.3,165.6,164.2,1
169,165.6,160.3,0
171.3,166.6,155.1,0
171.1,165.2,154.7,0
169.1,167.2,148.4,0
170.1,168.8,183.3,1
169.8,168.9,182.4,1
169,167.5,171.6,1
168.6,168.2,169.5,0
169.2,166.6,165.9,0
168.5,162.3,178,1
168,162.5,163.9,0
169.1,162.9,159.8,0
170.7,160.1,171.4,1
169.6,160.3,171.6,1
170.2,160.8,165.2,1
171.3,162.4,165.4,0
170.5,162.5,165.8,0
170.4,160.3,160.1,0
170.8,161.1,180,1
169.4,161.1,174.1,1
171.4,159.8,162.9,0
169.2,160.7,159,0
170.4,161,159.1,0
170.8,159.2,160.3,0
170.7,159,160.9,0
168.7,157.8,180.2,1
168.9,152.9,174.3,1
169.3,153.9,171,1
170,154.6,166,1
169.2,152.6,154.4,0
168,153.7,166.5,1
170.1,151.1,173.1,1
168.9,151.8,170.4,1
170.1,149.9,171.1,1
169.6,150.5,168.2,1
168.4,152,167.7,1
169.9,151.4,168.1,1
168.9,150.7,166.6,1
169.2,152.1,166,0
167.7,151.1,165.1,0
169.8,150,160.5,0
168.5,152.1,158.7,0
168.1,151.8,155.8,0
168.6,150.9,154.1,0
168.5,150,147.6,0
168.9,151,145.5,0
167.1,172,169,1
166.7,171.3,169.5,1
166.2,171.6,168.8,1
166.2,172.3,166.9,0
165.3,171.1,160.6,0
167,169.1,160.8,1
167.2,168.8,161.8,0
167.5,167.7,160.9,0
167.1,169.7,153.7,0
165.5,167.6,176.6,1
165.1,165.5,174.1,1
166.5,165.4,174.7,1
166,165.7,165.2,0
166.5,166.8,165.5,0
166.2,165.2,158.4,0
166.7,165.5,157.6,0
165.6,165.2,155.5,0
165.3,165.6,151.1,0
166.2,167.9,180.8,1
166.6,166.5,167.7,0
165.4,167.3,177.6,1
166,165.4,177,1
166.6,166.5,173.2,1
166.5,166.2,173.3,1
165.4,167.1,165.8,0
167.2,166.4,154.3,0
165.9,164.7,171.5,1
166.1,163,172.2,1
165.7,164.5,164.4,0
166.4,164.8,163,0
165.1,163.2,160.6,0
165.9,165,154.6,0
167.3,161.1,178,1
167.4,160.5,161.9,0
166.3,160.2,168,1
165.5,161.9,168.7,1
167.3,160.8,161.2,0
167.2,162.3,181,1
167.4,161.8,181.1,1
167.3,161.3,175.6,1
167.1,162.5,162.4,0
167.8,152.7,174.1,1
168,153,173.7,1
168.2,152.8,171.8,1
166.7,153,171.6,1
167,154.3,158,0
164.3,163.4,184.1,1
162.8,162.6,173.7,1
165,163.6,167.7,0
164,163.4,163.5,0
163.8,163.2,158.9,0
164.2,164.7,159.3,0
164.2,164.1,155.5,0
162.9,162.9,179.7,1
164.6,164,173.7,1
165,163.6,171.5,0
163.2,162.8,166.5,0
162.6,163.8,164.9,0
164.5,164.7,164,0
165,162.7,153.9,0
162.9,161.4,166.3,1
163.3,154,168.8,1
164.7,153.1,154.2,0
159.8,168.2,163.7,1
159.6,169.5,158.1,0
158.2,170.1,155.1,0
159.9,160,169.7,1
160.4,162.3,145.8,0
