171.01
163.89
172.29
161.94
161.24
167.05
168.8
161.41
169.95
163.44
161.97
160.86
168.3
169.92
169.5
163.07
161.86
169.58
161.17
159.23
157.63
170.22
170.28
163.25
161.63
166.73
159.89
161.18
162.55
160.72
159.27
171.08
172.28
150.99
165.58
161.28
153.79
162.03
157.39
163.64
164.24
166.13
174.04
156.34
164.99
175.87
174.11
162.12
158.27
172.71
163.02
161.79
161.88
159.3
163.37
156.4
157.08
159.28
167.73
160.87
163.33
166.56
154.95
160.96
166.48
167.03
157.17
163.18
165.8
173.23
166.64
167.34
164.49
148.19
158.95
177.2
162.45
172.31
173.81
167.25
168.08
176.68
166.2
166.35
161.1
160.87
158.27
161.71
172.96
159.53
170.99
158.48
158.72
163.07
171.36
156.69
149.27
160.56
162.22
155.87
160.37
159.22
167.82
164.71
169.82
158.25
163.58
155.56
161.61
162.79
160.02
167.82
167.84
165.57
167.8
165.96
163.82
166.91
164.73
170.65
177.27
163.9
162.4
166.56
164.88
159.41
160.31
183.74
178.97
172.61
160.23
170.88
160.82
167.91
178.5
160.67
171.76
173.44
170.33
159.72
170.49
173.23
174.77
162.59
163.73
165.63
179.74
166.67
184.17
175.88
164.47
164
173.87
180.52
156.65
175.2
158.52
169.06
174.57
161.64
150.31
175.11
152.5
174.73
163.03
167.29
161.83
176.9
157.02
167.8
190.07
164.74
165.34
180.68
181.68
158.88
169.22
172.69
165.58
164.08
155.83
171.25
177.39
171.39
171.12
184.54
164.25
159.94
168.3
157.24
164.47
181.04
162.55
150.9
159.58
157.41
170.72
168.37
168.38
173.47
179.92
161.88
176.72
172.71
163.77
174.05
180.84
182.98
160.57
157.61
164.58
163.57
162.68
161.82
164.24
184.31
171.56
160.74
177
174.66
